Energy(eV)   DOS_up   DOS_down   DOS_tot
-8.3554080983 0.0000000000 0.0000000000 0.0000000000
-8.3303557995 0.0000000000 0.0000000000 0.0000000000
-8.3053035007 0.0000000000 0.0000000000 0.0000000001
-8.2802512019 0.0000000001 0.0000000001 0.0000000002
-8.2551989031 0.0000000002 0.0000000002 0.0000000005
-8.2301466042 0.0000000006 0.0000000006 0.0000000012
-8.2050943054 0.0000000013 0.0000000013 0.0000000027
-8.1800420066 0.0000000030 0.0000000030 0.0000000060
-8.1549897078 0.0000000066 0.0000000066 0.0000000132
-8.1299374090 0.0000000144 0.0000000144 0.0000000287
-8.1048851101 0.0000000307 0.0000000307 0.0000000614
-8.0798328113 0.0000000646 0.0000000646 0.0000001291
-8.0547805125 0.0000001334 0.0000001334 0.0000002668
-8.0297282137 0.0000002710 0.0000002710 0.0000005420
-8.0046759149 0.0000005413 0.0000005413 0.0000010826
-7.9796236161 0.0000010630 0.0000010630 0.0000021260
-7.9545713172 0.0000020524 0.0000020523 0.0000041047
-7.9295190184 0.0000038959 0.0000038959 0.0000077918
-7.9044667196 0.0000072712 0.0000072711 0.0000145423
-7.8794144208 0.0000133426 0.0000133425 0.0000266851
-7.8543621220 0.0000240721 0.0000240718 0.0000481439
-7.8293098232 0.0000426996 0.0000426991 0.0000853987
-7.8042575243 0.0000744684 0.0000744675 0.0001489358
-7.7792052255 0.0001276902 0.0001276887 0.0002553788
-7.7541529267 0.0002152687 0.0002152663 0.0004305350
-7.7291006279 0.0003568142 0.0003568103 0.0007136245
-7.7040483291 0.0005814885 0.0005814824 0.0011629709
-7.6789960302 0.0009317040 0.0009316947 0.0018633986
-7.6539437314 0.0014677517 0.0014677376 0.0029354893
-7.6288914326 0.0022733434 0.0022733223 0.0045466657
-7.6038391338 0.0034619062 0.0034618754 0.0069237815
-7.5787868350 0.0051832642 0.0051832199 0.0103664841
-7.5537345362 0.0076300819 0.0076300196 0.0152601015
-7.5286822373 0.0110431471 0.0110430610 0.0220862081
-7.5036299385 0.0157142739 0.0157141571 0.0314284309
-7.4785776397 0.0219853600 0.0219852046 0.0439705646
-7.4535253409 0.0302420097 0.0302418070 0.0604838167
-7.4284730421 0.0409002081 0.0408999489 0.0818001570
-7.4034207433 0.0543848819 0.0543845572 0.1087694391
-7.3783684444 0.0710998467 0.0710994483 0.1421992950
-7.3533161456 0.0913896348 0.0913891561 0.1827787909
-7.3282638468 0.1154949572 0.1154943945 0.2309893518
-7.3032115480 0.1435049578 0.1435043112 0.2870092691
-7.2781592492 0.1753107676 0.1753100419 0.3506208095
-7.2531069503 0.2105659190 0.2105651244 0.4211310434
-7.2280546515 0.2486596807 0.2486588334 0.4973185141
-7.2030023527 0.2887090954 0.2887082173 0.5774173127
-7.1779500539 0.3295743188 0.3295734370 0.6591477557
-7.1528977551 0.3698997714 0.3698989171 0.7397986886
-7.1278454563 0.4081807935 0.4081800002 0.8163607937
-7.1027931574 0.4428522658 0.4428515673 0.8857038331
-7.0777408586 0.4723924842 0.4723919119 0.9447843961
-7.0526885598 0.4954329537 0.4954325350 0.9908654887
-7.0276362610 0.5108631820 0.5108629372 1.0217261192
-7.0025839622 0.5179193306 0.5179192720 1.0358386025
-6.9775316633 0.5162468802 0.5162470107 1.0324938909
-6.9524793645 0.5059301513 0.5059304644 1.0118606157
-6.9274270657 0.4874852585 0.4874857387 0.9749709972
-6.9023747669 0.4618173182 0.4618179421 0.9236352603
-6.8773224681 0.4301468486 0.4301475872 0.8602944359
-6.8522701693 0.3939136939 0.3939145145 0.7878282085
-6.8272178704 0.3546689873 0.3546698560 0.7093388433
-6.8021655716 0.3139663859 0.3139672698 0.6279336557
-6.7771132728 0.2732630400 0.2732639093 0.5465269493
-6.7520609740 0.2338387280 0.2338395575 0.4676782855
-6.7270086752 0.1967386954 0.1967394653 0.3934781607
-6.7019563764 0.1627424828 0.1627431792 0.3254856620
-6.6769040775 0.1323579067 0.1323585216 0.2647164283
-6.6518517787 0.1058367867 0.1058373171 0.2116741037
-6.6267994799 0.0832072568 0.0832077042 0.1664149610
-6.6017471811 0.0643166722 0.0643170416 0.1286337137
-6.5766948823 0.0488791595 0.0488794582 0.0977586177
-6.5516425834 0.0365226009 0.0365228374 0.0730454383
-6.5265902846 0.0268310378 0.0268312214 0.0536622591
-6.5015379858 0.0193798787 0.0193800184 0.0387598972
-6.4764856870 0.0137626628 0.0137627671 0.0275254299
-6.4514333882 0.0096093006 0.0096093769 0.0192186776
-6.4263810894 0.0065965855 0.0065966402 0.0131932257
-6.4013287905 0.0044523099 0.0044523485 0.0089046585
-6.3762764917 0.0029545585 0.0029545852 0.0059091437
-6.3512241929 0.0019277384 0.0019277566 0.0038554950
-6.3261718941 0.0012367325 0.0012367446 0.0024734771
-6.3011195953 0.0007802857 0.0007802937 0.0015605794
-6.2760672965 0.0004844365 0.0004844416 0.0009688781
-6.2510149976 0.0002965217 0.0002965249 0.0005930466
-6.2259626988 0.0001800500 0.0001800520 0.0003601021
-6.2009104000 0.0001105657 0.0001105670 0.0002211327
-6.1758581012 0.0000725129 0.0000725137 0.0001450267
-6.1508058024 0.0000570591 0.0000570596 0.0001141186
-6.1257535035 0.0000608278 0.0000608282 0.0001216559
-6.1007012047 0.0000855243 0.0000855247 0.0001710489
-6.0756489059 0.0001384931 0.0001384937 0.0002769868
-6.0505966071 0.0002343273 0.0002343281 0.0004686554
-6.0255443083 0.0003977323 0.0003977337 0.0007954660
-6.0004920095 0.0006679346 0.0006679367 0.0013358713
-5.9754397106 0.0011049883 0.0011049918 0.0022099801
-5.9503874118 0.0017983634 0.0017983688 0.0035967322
-5.9253351130 0.0028781537 0.0028781620 0.0057563157
-5.9002828142 0.0045291055 0.0045291182 0.0090582237
-5.8752305154 0.0070073866 0.0070074054 0.0140147920
-5.8501782166 0.0106595721 0.0106595996 0.0213191717
-5.8251259177 0.0159427030 0.0159427425 0.0318854455
-5.8000736189 0.0234434840 0.0234435396 0.0468870236
-5.7750213201 0.0338937966 0.0338938733 0.0677876699
-5.7499690213 0.0481788142 0.0481789181 0.0963577323
-5.7249167225 0.0673332850 0.0673334230 0.1346667080
-5.6998644236 0.0925212100 0.0925213898 0.1850425997
-5.6748121248 0.1249944149 0.1249946445 0.2499890593
-5.6497598260 0.1660266156 0.1660269029 0.3320535184
-5.6247075272 0.2168216400 0.2168219921 0.4336436320
-5.5996552284 0.2783975043 0.2783979267 0.5567954310
-5.5746029296 0.3514518658 0.3514523617 0.7029042275
-5.5495506307 0.4362185920 0.4362191610 0.8724377530
-5.5244983319 0.5323292043 0.5323298419 1.0646590462
-5.4994460331 0.6386960300 0.6386967271 1.2773927571
-5.4743937343 0.7534352644 0.7534360064 1.5068712709
-5.4493414355 0.8738471476 0.8738479151 1.7476950626
-5.4242891367 0.9964667349 0.9964675040 1.9929342390
-5.3992368378 1.1171923168 1.1171930601 2.2343853769
-5.3741845390 1.2314899675 1.2314906557 2.4629806232
-5.3491322402 1.3346629934 1.3346635970 2.6693265903
-5.3240799414 1.4221655762 1.4221660679 2.8443316441
-5.2990276426 1.4899322081 1.4899325645 2.9798647726
-5.2739753437 1.5346899795 1.5346901831 3.0693801626
-5.2489230449 1.5542204152 1.5542204559 3.1084408711
-5.2238707461 1.5475417125 1.5475415882 3.0950833007
-5.1988184473 1.5149905407 1.5149902576 3.0299807983
-5.1737661485 1.4581939141 1.4581934864 2.9163874005
-5.1487138497 1.3799344098 1.3799338580 2.7598682679
-5.1236615508 1.2839242748 1.2839236246 2.5678478994
-5.0986092520 1.1745139477 1.1745132278 2.3490271755
-5.0735569532 1.0563668153 1.0563660553 2.1127328706
-5.0485046544 0.9341338803 0.9341331088 1.8682669891
-5.0234523556 0.8121594477 0.8121586904 1.6243181382
-4.9984000568 0.6942426338 0.6942419125 1.3884845463
-4.9733477579 0.5834707145 0.5834700461 1.1669407606
-4.9482954591 0.4821305465 0.4821299429 0.9642604893
-4.9232431603 0.3916950075 0.3916944753 0.7833894828
-4.8981908615 0.3128738216 0.3128733632 0.6257471848
-4.8731385627 0.2457130487 0.2457126625 0.4914257112
-4.8480862638 0.1897251989 0.1897248805 0.3794500795
-4.8230339650 0.1440322072 0.1440319502 0.2880641573
-4.7979816662 0.1075058304 0.1075056270 0.2150114574
-4.7729293674 0.0788936815 0.0788935239 0.1577872055
-4.7478770686 0.0569233211 0.0569232013 0.1138465224
-4.7228247698 0.0403809043 0.0403808150 0.0807617193
-4.6977724709 0.0281643449 0.0281642796 0.0563286245
-4.6727201721 0.0193135038 0.0193134570 0.0386269608
-4.6476678733 0.0130214782 0.0130214452 0.0260429234
-4.6226155745 0.0086317193 0.0086316966 0.0172634159
-4.5975632757 0.0056256425 0.0056256271 0.0112512697
-4.5725109769 0.0036048298 0.0036048195 0.0072096493
-4.5474586780 0.0022710944 0.0022710877 0.0045421821
-4.5224063792 0.0014067711 0.0014067667 0.0028135378
-4.4973540804 0.0008567408 0.0008567381 0.0017134789
-4.4723017816 0.0005129952 0.0005129935 0.0010259887
-4.4472494828 0.0003020056 0.0003020045 0.0006040101
-4.4221971839 0.0001748052 0.0001748046 0.0003496098
-4.3971448851 0.0000994790 0.0000994787 0.0001989577
-4.3720925863 0.0000556604 0.0000556602 0.0001113207
-4.3470402875 0.0000306196 0.0000306195 0.0000612391
-4.3219879887 0.0000165611 0.0000165611 0.0000331222
-4.2969356899 0.0000088068 0.0000088068 0.0000176136
-4.2718833910 0.0000046045 0.0000046045 0.0000092090
-4.2468310922 0.0000023669 0.0000023669 0.0000047339
-4.2217787934 0.0000011963 0.0000011963 0.0000023925
-4.1967264946 0.0000005944 0.0000005944 0.0000011889
-4.1716741958 0.0000002904 0.0000002904 0.0000005808
-4.1466218970 0.0000001395 0.0000001395 0.0000002790
-4.1215695981 0.0000000659 0.0000000659 0.0000001318
-4.0965172993 0.0000000306 0.0000000306 0.0000000612
-4.0714650005 0.0000000140 0.0000000140 0.0000000279
-4.0464127017 0.0000000063 0.0000000063 0.0000000125
-4.0213604029 0.0000000028 0.0000000028 0.0000000055
-3.9963081040 0.0000000012 0.0000000012 0.0000000024
-3.9712558052 0.0000000005 0.0000000005 0.0000000010
-3.9462035064 0.0000000002 0.0000000002 0.0000000005
-3.9211512076 0.0000000001 0.0000000001 0.0000000002
-3.8960989088 0.0000000001 0.0000000001 0.0000000002
-3.8710466100 0.0000000002 0.0000000002 0.0000000005
-3.8459943111 0.0000000005 0.0000000005 0.0000000010
-3.8209420123 0.0000000012 0.0000000012 0.0000000024
-3.7958897135 0.0000000027 0.0000000027 0.0000000055
-3.7708374147 0.0000000062 0.0000000062 0.0000000124
-3.7457851159 0.0000000138 0.0000000138 0.0000000275
-3.7207328171 0.0000000302 0.0000000302 0.0000000603
-3.6956805182 0.0000000650 0.0000000650 0.0000001300
-3.6706282194 0.0000001377 0.0000001377 0.0000002753
-3.6455759206 0.0000002867 0.0000002867 0.0000005734
-3.6205236218 0.0000005870 0.0000005870 0.0000011740
-3.5954713230 0.0000011816 0.0000011816 0.0000023632
-3.5704190241 0.0000023387 0.0000023386 0.0000046773
-3.5453667253 0.0000045509 0.0000045507 0.0000091016
-3.5203144265 0.0000087069 0.0000087065 0.0000174134
-3.4952621277 0.0000163781 0.0000163776 0.0000327557
-3.4702098289 0.0000302904 0.0000302894 0.0000605798
-3.4451575301 0.0000550787 0.0000550768 0.0001101555
-3.4201052312 0.0000984691 0.0000984658 0.0001969349
-3.3950529324 0.0001730828 0.0001730772 0.0003461600
-3.3700006336 0.0002991202 0.0002991108 0.0005982310
-3.3449483348 0.0005082476 0.0005082322 0.0010164798
-3.3198960360 0.0008490686 0.0008490437 0.0016981123
-3.2948437372 0.0013945946 0.0013945551 0.0027891498
-3.2697914383 0.0022521174 0.0022520558 0.0045041732
-3.2447391395 0.0035757887 0.0035756945 0.0071514832
-3.2196868407 0.0055820083 0.0055818668 0.0111638751
-3.1946345419 0.0085673580 0.0085671492 0.0171345072
-3.1695822431 0.0129282921 0.0129279897 0.0258562818
-3.1445299442 0.0191810862 0.0191806564 0.0383617426
-3.1194776454 0.0279796993 0.0279790998 0.0559587991
-3.0944253466 0.0401282933 0.0401274731 0.0802557664
-3.0693730478 0.0565843250 0.0565832240 0.1131675490
-3.0443207490 0.0784475514 0.0784461022 0.1568936536
-3.0192684502 0.1069302169 0.1069283468 0.2138585637
-2.9942161513 0.1433043278 0.1433019625 0.2866062903
-2.9691638525 0.1888234669 0.1888205363 0.3776440032
-2.9441115537 0.2446191379 0.2446155820 0.4892347199
-2.9190592549 0.3115750677 0.3115708450 0.6231459127
-2.8940069561 0.3901869747 0.3901820706 0.7803690452
-2.8689546573 0.4804195143 0.4804139489 0.9608334632
-2.8439023584 0.5815757842 0.5815696192 1.1631454034
-2.8188500596 0.6921971276 0.6921904712 1.3843875989
-2.7937977608 0.8100112924 0.8100043002 1.6200155927
-2.7687454620 0.9319447302 0.9319376025 1.8638823327
-2.7436931632 1.0542097855 1.0542027601 2.1084125456
-2.7186408643 1.1724699809 1.1724633212 2.3449333021
-2.6935885655 1.2820773389 1.2820713183 2.5641486572
-2.6685362667 1.3783658942 1.3783607779 2.7567266721
-2.6434839679 1.4569767313 1.4569727570 2.9139494884
-2.6184316691 1.5141835234 1.5141808831 3.0283644064
-2.5933793703 1.5471849030 1.5471837277 3.0943686307
-2.5683270714 1.5543317730 1.5543321219 3.1086638949
-2.5432747726 1.5352638830 1.5352657385 3.0705296215
-2.5182224738 1.4909399249 1.4909431940 2.9818831189
-2.4931701750 1.4235576473 1.4235621695 2.8471198168
-2.4681178762 1.3363732553 1.3363788157 2.6727520710
-2.4430655773 1.2334407580 1.2334471040 2.4668878620
-2.4180132785 1.1193002936 1.1193071538 2.2386074474
-2.3929609797 0.9986487044 0.9986558079 1.9973045123
-2.3679086809 0.8760253443 0.8760324377 1.7520577820
-2.3428563821 0.7555416352 0.7555484965 1.5110901317
-2.3178040833 0.6406752327 0.6406816814 1.2813569142
-2.2927517844 0.5341402086 0.5341461106 1.0682863193
-2.2676994856 0.4378349348 0.4378402035 0.8756751383
-2.2426471868 0.3528607500 0.3528653434 0.7057260934
-2.2175948880 0.2795980239 0.2796019387 0.5591999626
-2.1925425892 0.2178224533 0.2178257176 0.4356481709
-2.1674902904 0.1668433861 0.1668460506 0.3336894368
-2.1424379915 0.1256472965 0.1256494267 0.2512967233
-2.1173856927 0.0930325884 0.0930342573 0.1860668457
-2.0923333939 0.0677259122 0.0677271937 0.1354531059
-2.0672810951 0.0484743980 0.0484753630 0.0969497610
-2.0422287963 0.0341120476 0.0341127602 0.0682248078
-2.0171764974 0.0236015734 0.0236020897 0.0472036630
-1.9921241986 0.0160550597 0.0160554267 0.0321104865
-1.9670718998 0.0107379332 0.0107381892 0.0214761224
-1.9420196010 0.0070610173 0.0070611926 0.0141222098
-1.9169673022 0.0045651143 0.0045652321 0.0091303463
-1.8919150034 0.0029018425 0.0029019202 0.0058037627
-1.8668627045 0.0018135679 0.0018136183 0.0036271861
-1.8418104057 0.0011143756 0.0011144077 0.0022287833
-1.8167581069 0.0006732358 0.0006732558 0.0013464916
-1.7917058081 0.0003998900 0.0003999023 0.0007997924
-1.7666535093 0.0002335349 0.0002335423 0.0004670772
-1.7416012105 0.0001340914 0.0001340957 0.0002681871
-1.7165489116 0.0000756986 0.0000757011 0.0001513997
-1.6914966128 0.0000420158 0.0000420172 0.0000840330
-1.6664443140 0.0000229284 0.0000229293 0.0000458577
-1.6413920152 0.0000123020 0.0000123024 0.0000246044
-1.6163397164 0.0000064895 0.0000064898 0.0000129793
-1.5912874175 0.0000033658 0.0000033659 0.0000067317
-1.5662351187 0.0000017163 0.0000017164 0.0000034327
-1.5411828199 0.0000008605 0.0000008605 0.0000017210
-1.5161305211 0.0000004242 0.0000004242 0.0000008484
-1.4910782223 0.0000002056 0.0000002056 0.0000004112
-1.4660259235 0.0000000980 0.0000000980 0.0000001959
-1.4409736246 0.0000000459 0.0000000459 0.0000000919
-1.4159213258 0.0000000212 0.0000000212 0.0000000425
-1.3908690270 0.0000000098 0.0000000098 0.0000000196
-1.3658167282 0.0000000048 0.0000000048 0.0000000095
-1.3407644294 0.0000000030 0.0000000030 0.0000000060
-1.3157121306 0.0000000034 0.0000000034 0.0000000067
-1.2906598317 0.0000000060 0.0000000060 0.0000000120
-1.2656075329 0.0000000125 0.0000000125 0.0000000250
-1.2405552341 0.0000000266 0.0000000266 0.0000000532
-1.2155029353 0.0000000560 0.0000000560 0.0000001120
-1.1904506365 0.0000001160 0.0000001160 0.0000002320
-1.1653983376 0.0000002364 0.0000002365 0.0000004729
-1.1403460388 0.0000004738 0.0000004738 0.0000009476
-1.1152937400 0.0000009335 0.0000009335 0.0000018670
-1.0902414412 0.0000018083 0.0000018083 0.0000036166
-1.0651891424 0.0000034439 0.0000034440 0.0000068879
-1.0401368436 0.0000064488 0.0000064491 0.0000128978
-1.0150845447 0.0000118726 0.0000118730 0.0000237456
-0.9900322459 0.0000214906 0.0000214914 0.0000429821
-0.9649799471 0.0000382464 0.0000382478 0.0000764943
-0.9399276483 0.0000669223 0.0000669246 0.0001338469
-0.9148753495 0.0001151300 0.0001151339 0.0002302638
-0.8898230507 0.0001947349 0.0001947413 0.0003894761
-0.8647707518 0.0003238449 0.0003238551 0.0006477000
-0.8397184530 0.0005295026 0.0005295189 0.0010590215
-0.8146661542 0.0008512109 0.0008512361 0.0017024470
-0.7896138554 0.0013453776 0.0013454159 0.0026907935
-0.7645615566 0.0020906879 0.0020907453 0.0041814332
-0.7395092577 0.0031942755 0.0031943597 0.0063886351
-0.7144569589 0.0047983706 0.0047984919 0.0095968625
-0.6894046601 0.0070868571 0.0070870287 0.0141738858
-0.6643523613 0.0102908757 0.0102911138 0.0205819894
-0.6393000625 0.0146923129 0.0146926371 0.0293849500
-0.6142477637 0.0206237579 0.0206241908 0.0412479487
-0.5891954648 0.0284633559 0.0284639226 0.0569272785
-0.5641431660 0.0386230288 0.0386237564 0.0772467852
-0.5390908672 0.0515288312 0.0515297465 0.1030585777
-0.5140385684 0.0675928255 0.0675939534 0.1351867789
-0.4889862696 0.0871768170 0.0871781782 0.1743549953
-0.4639339708 0.1105495333 0.1105511409 0.2211006742
-0.4388816719 0.1378402611 0.1378421179 0.2756823791
-0.4138293731 0.1689933853 0.1689954812 0.3379888665
-0.3887770743 0.2037294645 0.2037317742 0.4074612386
-0.3637247755 0.2415191690 0.2415216509 0.4830408199
-0.3386724767 0.2815763569 0.2815789537 0.5631553105
-0.3136201778 0.3228756005 0.3228782409 0.6457538414
-0.2885678790 0.3641975565 0.3642001592 0.7283977157
-0.2635155802 0.4042027983 0.4042052778 0.8084080762
-0.2384632814 0.4415313715 0.4415336451 0.8830650166
-0.2134109826 0.4749217804 0.4749237762 0.9498455566
-0.1883586838 0.5033398593 0.5033415248 1.0066813841
-0.1633063849 0.5261054870 0.5261067970 1.0522122840
-0.1382540861 0.5430037817 0.5430047445 1.0860085262
-0.1132017873 0.5543675078 0.5543681695 1.1087356773
-0.0881494885 0.5611189993 0.5611194446 1.1222384439
-0.0630971897 0.5647628282 0.5647631789 1.1295260070
-0.0380448909 0.5673244322 0.5673248404 1.1346492726
-0.0129925920 0.5712345700 0.5712352093 1.1424697794
0.0120597068 0.5791643868 0.5791654395 1.1583298262
0.0371120056 0.5938206329 0.5938222753 1.1876429083
0.0621643044 0.6177148537 0.6177172399 1.2354320936
0.0872166032 0.6529238411 0.6529270870 1.3058509281
0.1122689021 0.7008610628 0.7008652312 1.4017262940
0.1373212009 0.7620798683 0.7620849567 1.5241648250
0.1623734997 0.8361287654 0.8361346986 1.6722634640
0.1874257985 0.9214767001 0.9214833276 1.8429600277
0.2124780973 1.0155219010 1.0155290004 2.0310509013
0.2375303961 1.1146914909 1.1146987782 2.2293902692
0.2625826950 1.2146310218 1.2146381675 2.4292691894
0.2876349938 1.3104739921 1.3104806424 2.6209546344
0.3126872926 1.3971722373 1.3971780387 2.7943502761
0.3377395914 1.4698600447 1.4698646701 2.9397247148
0.3627918902 1.5242191977 1.5242223712 3.0484415689
0.3878441890 1.5568099987 1.5568115170 3.1136215157
0.4128964879 1.5653353060 1.5653350538 3.1306703598
0.4379487867 1.5488108307 1.5488087892 3.0976196199
0.4630010855 1.5076247534 1.5076210002 3.0152457536
0.4880533843 1.4434818881 1.4434765893 2.8869584775
0.5131056831 1.3592404771 1.3592338723 2.7184743493
0.5381579820 1.2586613986 1.2586537808 2.5173151794
0.5632102808 1.1460984731 1.1460901653 2.2921886384
0.5882625796 1.0261634662 1.0261547977 2.0523182640
0.6133148784 0.9033998153 0.9033910995 1.8067909148
0.6383671772 0.7819952570 0.7819867729 1.5639820298
0.6634194760 0.6655562993 0.6655482783 1.3311045776
0.6884717749 0.5569581865 0.5569508044 1.1139089909
0.7135240737 0.4582741680 0.4582675427 0.9165417107
0.7385763725 0.3707789352 0.3707731287 0.7415520639
0.7636286713 0.2950141326 0.2950091581 0.5900232907
0.7886809701 0.2308995306 0.2308953605 0.4617948911
0.8137332689 0.1778718969 0.1778684729 0.3557403698
0.8387855678 0.1350345348 0.1350317780 0.2700663128
0.8638378666 0.1013032267 0.1013010466 0.2026042733
0.8888901654 0.0755381567 0.0755364584 0.1510746151
0.9139424642 0.0566554925 0.0566541828 0.1133096753
0.9389947630 0.0437160069 0.0437149975 0.0874310043
0.9640470619 0.0359909387 0.0359901487 0.0719810874
0.9890993607 0.0330069920 0.0330063481 0.0660133400
1.0141516595 0.0345729142 0.0345723505 0.0691452648
1.0392039583 0.0407896669 0.0407891235 0.0815787904
1.0642562571 0.0520450882 0.0520445104 0.1040895987
1.0893085559 0.0689925650 0.0689919016 0.1379844666
1.1143608548 0.0925119851 0.0925111879 0.1850231730
1.1394131536 0.1236505638 0.1236495879 0.2473001516
1.1644654524 0.1635413492 0.1635401535 0.3270815027
1.1895177512 0.2132985394 0.2132970884 0.4265956278
1.2145700500 0.2738912236 0.2738894901 0.5477807137
1.2396223488 0.3460006177 0.3459985855 0.6919992031
1.2646746477 0.4298698927 0.4298675603 0.8597374530
1.2897269465 0.5251596799 0.5251570635 1.0503167434
1.3147792453 0.6308255026 0.6308226384 1.2616481409
1.3398315441 0.7450349414 0.7450318871 1.4900668285
1.3648838429 0.8651415917 0.8651384259 1.7302800175
1.3899361418 0.9877294045 0.9877262249 1.9754556294
1.4149884406 1.1087348263 1.1087317450 2.2174665713
1.4400407394 1.2236457487 1.2236428863 2.4472886350
1.4650930382 1.3277666498 1.3277641280 2.6555307777
1.4901453370 1.4165297977 1.4165277304 2.8330575281
1.5151976358 1.4858245303 1.4858230156 2.9716475459
1.5402499347 1.5323118432 1.5323109552 3.0646227984
1.5653022335 1.5536908397 1.5536906228 3.1073814624
1.5903545323 1.5488874452 1.5488879103 3.0977753555
1.6154068311 1.5181438295 1.5181449533 3.0362887828
1.6404591299 1.4629981661 1.4629998927 2.9259980588
1.6655114287 1.3861570820 1.3861593276 2.7723164096
1.6905637276 1.2912755206 1.2912781806 2.5825537012
1.7156160264 1.1826689412 1.1826718977 2.3653408389
1.7406683252 1.0649893646 1.0649924955 2.1299818600
1.7657206240 0.9428989646 0.9429021513 1.8858011159
1.7907729228 0.8207726281 0.8207757631 1.6415483912
1.8158252217 0.7024548416 0.7024578338 1.4049126754
1.8408775205 0.5910875991 0.5910903769 1.1821779761
1.8659298193 0.4890162685 0.4890187817 0.9780350503
1.8909821181 0.3977709871 0.3977732063 0.7955441934
1.9160344169 0.3181134291 0.3181153438 0.6362287728
1.9410867157 0.2501335123 0.2501351277 0.5002686400
1.9661390146 0.1933781090 0.1933794428 0.3867575518
1.9911913134 0.1469939423 0.1469950203 0.2939889626
2.0162436122 0.1098690741 0.1098699275 0.2197390016
2.0412959110 0.0807610030 0.0807616644 0.1615226674
2.0663482098 0.0584036102 0.0584041120 0.1168077222
2.0914005086 0.0415893465 0.0415897181 0.0831790646
2.1164528075 0.0292266057 0.0292268730 0.0584534787
2.1415051063 0.0203748968 0.0203750811 0.0407499778
2.1665574051 0.0142620823 0.0142622000 0.0285242823
2.1916097039 0.0102886654 0.0102887277 0.0205773931
2.2166620027 0.0080240300 0.0080240428 0.0160480728
2.2417143016 0.0071988808 0.0071988451 0.0143977259
2.2667666004 0.0076970881 0.0076969992 0.0153940872
2.2918188992 0.0095488982 0.0095487459 0.0190976441
2.3168711980 0.0129261616 0.0129259299 0.0258520915
2.3419234968 0.0181389532 0.0181386201 0.0362775732
2.3669757956 0.0256318100 0.0256313473 0.0512631573
2.3920280945 0.0359768662 0.0359762401 0.0719531063
2.4170803933 0.0498605296 0.0498597010 0.0997202306
2.4421326921 0.0680601263 0.0680590527 0.1361191790
2.4671849909 0.0914072654 0.0914059026 0.1828131680
2.4922372897 0.1207356354 0.1207339409 0.2414695762
2.5172895886 0.1568125898 0.1568105268 0.3136231165
2.5423418874 0.2002561545 0.2002536963 0.4005098507
2.5673941862 0.2514418190 0.2514389540 0.5028807730
2.5924464850 0.3104063482 0.3104030848 0.6208094330
2.6174987838 0.3767584275 0.3767547986 0.7535132262
2.6425510826 0.4496077325 0.4496037982 0.8992115307
2.6676033815 0.5275244844 0.5275203333 1.0550448177
2.6926556803 0.6085403463 0.6085360940 1.2170764402
2.7177079791 0.6901984471 0.6901942325 1.3803926796
2.7427602779 0.7696555375 0.7696515162 1.5393070537
2.7678125767 0.8438332398 0.8438295746 1.6876628144
2.7928648755 0.9096088246 0.9096056755 1.8192145001
2.8179171744 0.9640299025 0.9640274147 1.9280573172
2.8429694732 1.0045328617 1.0045311548 2.0090640164
2.8680217720 1.0291426932 1.0291418516 2.0582845448
2.8930740708 1.0366325566 1.0366326226 2.0732651791
2.9181263696 1.0266251429 1.0266261131 2.0532512561
2.9431786685 0.9996241763 0.9996260021 1.9992501785
2.9682309673 0.9569723920 0.9569749834 1.9139473754
2.9932832661 0.9007408711 0.9007441042 1.8014849753
3.0183355649 0.8335624310 0.8335661576 1.6671285886
3.0433878637 0.7584277214 0.7584317807 1.5168595021
3.0684401625 0.6784659667 0.6784701960 1.3569361627
3.0934924614 0.5967325652 0.5967368110 1.1934693762
3.1185447602 0.5160231831 0.5160273095 1.0320504927
3.1435970590 0.4387291499 0.4387330449 0.8774621948
3.1686493578 0.3667427782 0.3667463574 0.7334891355
3.1937016566 0.3014147169 0.3014179241 0.6028326410
3.2187539554 0.2435595365 0.2435623428 0.4871218793
3.2438062543 0.1935011842 0.1935035843 0.3870047685
3.2688585531 0.1511471346 0.1511491426 0.3022962772
3.2939108519 0.1160790947 0.1160807391 0.2321598337
3.3189631507 0.0876487868 0.0876501057 0.1752988924
3.3440154495 0.0650692211 0.0650702577 0.1301394788
3.3690677484 0.0474944771 0.0474952755 0.0949897526
3.3941200472 0.0340838320 0.0340844350 0.0681682670
3.4191723460 0.0240486955 0.0240491422 0.0480978377
3.4442246448 0.0166829341 0.0166832587 0.0333661928
3.4692769436 0.0113786607 0.0113788921 0.0227575528
3.4943292424 0.0076304063 0.0076305682 0.0152609745
3.5193815413 0.0050308571 0.0050309683 0.0100618254
3.5444338401 0.0032611750 0.0032612499 0.0065224249
3.5694861389 0.0020784713 0.0020785209 0.0041569922
3.5945384377 0.0013024221 0.0013024543 0.0026048764
3.6195907365 0.0008024118 0.0008024323 0.0016048441
3.6446430353 0.0004860496 0.0004860625 0.0009721121
3.6696953342 0.0002894688 0.0002894767 0.0005789455
3.6947476330 0.0001694965 0.0001695013 0.0003389978
3.7197999318 0.0000975792 0.0000975821 0.0001951613
3.7448522306 0.0000552322 0.0000552338 0.0001104660
3.7699045294 0.0000307372 0.0000307382 0.0000614754
3.7949568283 0.0000168180 0.0000168186 0.0000336366
3.8200091271 0.0000090474 0.0000090477 0.0000180951
3.8450614259 0.0000047854 0.0000047856 0.0000095710
3.8701137247 0.0000024888 0.0000024889 0.0000049776
3.8951660235 0.0000012731 0.0000012731 0.0000025462
3.9202183223 0.0000006413 0.0000006413 0.0000012827
3.9452706212 0.0000003201 0.0000003201 0.0000006402
3.9703229200 0.0000001626 0.0000001626 0.0000003253
3.9953752188 0.0000000934 0.0000000934 0.0000001869
4.0204275176 0.0000000783 0.0000000783 0.0000001566
4.0454798164 0.0000001100 0.0000001100 0.0000002200
4.0705321152 0.0000002060 0.0000002059 0.0000004119
4.0955844141 0.0000004159 0.0000004159 0.0000008318
4.1206367129 0.0000008440 0.0000008439 0.0000016879
4.1456890117 0.0000016920 0.0000016919 0.0000033840
4.1707413105 0.0000033388 0.0000033387 0.0000066775
4.1957936093 0.0000064794 0.0000064790 0.0000129584
4.2208459082 0.0000123637 0.0000123631 0.0000247267
4.2458982070 0.0000231965 0.0000231953 0.0000463919
4.2709505058 0.0000427911 0.0000427890 0.0000855802
4.2960028046 0.0000776142 0.0000776105 0.0001552246
4.3210551034 0.0001384154 0.0001384090 0.0002768244
4.3461074022 0.0002427080 0.0002426972 0.0004854052
4.3711597011 0.0004184470 0.0004184291 0.0008368762
4.3962119999 0.0007093389 0.0007093096 0.0014186486
4.4212642987 0.0011822905 0.0011822434 0.0023645339
4.4463165975 0.0019375456 0.0019374713 0.0038750169
4.4713688963 0.0031220313 0.0031219163 0.0062439476
4.4964211951 0.0049462996 0.0049461246 0.0098924242
4.5214734940 0.0077051598 0.0077048985 0.0154100583
4.5465257928 0.0118016085 0.0118012255 0.0236028339
4.5715780916 0.0177729419 0.0177723908 0.0355453327
4.5966303904 0.0263169923 0.0263162139 0.0526332062
4.6216826892 0.0383153012 0.0383142227 0.0766295239
4.6467349881 0.0548488521 0.0548473859 0.1096962380
4.6717872869 0.0772009063 0.0771989513 0.1543998576
4.6968395857 0.1068407828 0.1068382268 0.2136790096
4.7218918845 0.1453823823 0.1453791064 0.2907614887
4.7469441833 0.1945121836 0.1945080692 0.3890202528
4.7719964821 0.2558835676 0.2558785059 0.5117620735
4.7970487810 0.3309777479 0.3309716512 0.6619493991
4.8221010798 0.4209361838 0.4209289988 0.8418651827
4.8471533786 0.5263747383 0.5263664594 1.0527411977
4.8722056774 0.6471953469 0.6471860287 1.2943813756
4.8972579762 0.7824156976 0.7824054652 1.5648211628
4.9223102750 0.9300403650 0.9300294195 1.8600697845
4.9473625739 1.0869970544 1.0869856729 2.1739827273
4.9724148727 1.2491584076 1.2491469359 2.4983053435
4.9974671715 1.4114629886 1.4114518271 2.8229148156
5.0225194703 1.5681390019 1.5681285841 3.1362675860
5.0475717691 1.7130220474 1.7130128129 3.4260348603
5.0726240680 1.8399453916 1.8399377559 3.6798831475
5.0976763668 1.9431697892 1.9431641129 3.8863339021
5.1227286656 2.0178117681 2.0178083289 4.0356200970
5.1477809644 2.0602260993 2.0602250689 4.1204511682
5.1728332632 2.0683007983 2.0683022288 4.1366030272
5.1978855620 2.0416314272 2.0416352464 4.0832666736
5.2229378609 1.9815546673 1.9815606851 3.9631153524
5.2479901597 1.8910372849 1.8910452084 3.7820824933
5.2730424585 1.7744333280 1.7744427858 3.5488761138
5.2980947573 1.6371372208 1.6371477910 3.2742850118
5.3231470561 1.4851712077 1.4851824499 2.9703536576
5.3481993549 1.3247509533 1.3247624374 2.6495133906
5.3732516538 1.1618725132 1.1618838465 2.3237563597
5.3983039526 1.0019578835 1.0019687303 2.0039266138
5.4233562514 0.8495861830 0.8495962785 1.6991824616
5.4484085502 0.7083250985 0.7083342540 1.4166593525
5.4734608490 0.5806644859 0.5806725884 1.1613370743
5.4985131479 0.4680428010 0.4680498064 0.9360926074
5.5235654467 0.3709486278 0.3709545505 0.7419031784
5.5486177455 0.2890747002 0.2890796001 0.5781543003
5.5736700443 0.2215005114 0.2215044805 0.4430049920
5.5987223431 0.1668813995 0.1668845490 0.3337659485
5.6237746419 0.1236260225 0.1236284716 0.2472544940
5.6488269408 0.0900494021 0.0900512691 0.1801006712
5.6738792396 0.0644942433 0.0644956389 0.1289898822
5.6989315384 0.0454182561 0.0454192794 0.0908375355
5.7239838372 0.0314491959 0.0314499320 0.0628991279
5.7490361360 0.0214120588 0.0214125784 0.0428246373
5.7740884348 0.0143343274 0.0143346873 0.0286690147
5.7991407337 0.0094355341 0.0094357789 0.0188713130
5.8241930325 0.0061069787 0.0061071420 0.0122141206
5.8492453313 0.0038864956 0.0038866026 0.0077730982
5.8742976301 0.0024320094 0.0024320782 0.0048640876
5.8993499289 0.0014964385 0.0014964820 0.0029929205
5.9244022278 0.0009054768 0.0009055038 0.0018109806
5.9494545266 0.0005389535 0.0005389700 0.0010779234
5.9745068254 0.0003158838 0.0003158937 0.0006317775
5.9995591242 0.0001829469 0.0001829528 0.0003658997
6.0246114230 0.0001059304 0.0001059339 0.0002118643
6.0496637218 0.0000636184 0.0000636207 0.0001272391
6.0747160207 0.0000436236 0.0000436253 0.0000872489
6.0997683195 0.0000397431 0.0000397448 0.0000794879
6.1248206183 0.0000505231 0.0000505254 0.0001010485
6.1498729171 0.0000788323 0.0000788359 0.0001576682
6.1749252159 0.0001323571 0.0001323631 0.0002647202
6.1999775147 0.0002250386 0.0002250486 0.0004500872
6.2250298136 0.0003795628 0.0003795791 0.0007591418
6.2500821124 0.0006310911 0.0006311173 0.0012622083
6.2751344112 0.0010324598 0.0010325012 0.0020649610
6.3001867100 0.0016610775 0.0016611418 0.0033222194
6.3252390088 0.0026276833 0.0026277813 0.0052554647
6.3502913077 0.0040869779 0.0040871246 0.0081741025
6.3753436065 0.0062498815 0.0062500971 0.0124999786
6.4003959053 0.0093967960 0.0093971069 0.0187939029
6.4254482041 0.0138907540 0.0138911940 0.0277819481
6.4505005029 0.0201887628 0.0201893740 0.0403781369
6.4755528017 0.0288490431 0.0288498760 0.0576989190
6.5006051006 0.0405313367 0.0405324499 0.0810637866
6.5256573994 0.0559871351 0.0559885942 0.1119757293
6.5507096982 0.0760367187 0.0760385934 0.1520753121
6.5757619970 0.1015304454 0.1015328062 0.2030632516
6.6008142958 0.1332929006 0.1332958127 0.2665887134
6.6258665946 0.1720503455 0.1720538628 0.3441042083
6.6509188935 0.2183443118 0.2183484688 0.4366927805
6.6759711923 0.2724369555 0.2724417597 0.5448787153
6.7010234911 0.3342165544 0.3342219787 0.6684385330
6.7260757899 0.4031138316 0.4031198079 0.8062336395
6.7511280887 0.4780411097 0.4780475255 0.9560886352
6.7761803876 0.5573661588 0.5573728564 1.1147390152
6.8012326864 0.6389306956 0.6389374760 1.2778681716
6.8262849852 0.7201197446 0.7201263754 1.4402461200
6.8513372840 0.7979827432 0.7979889702 1.5959717134
6.8763895828 0.8694009427 0.8694065060 1.7388074488
6.9014418816 0.9312891907 0.9312938421 1.8625830328
6.9264941805 0.9808145685 0.9808180898 1.9616326582
6.9515464793 1.0156106006 1.0156128205 2.0312234211
6.9765987781 1.0339646007 1.0339654086 2.0679300094
7.0016510769 1.0349575673 1.0349569224 2.0699144897
7.0267033757 1.0185407929 1.0185387279 2.0370795208
7.0517556745 0.9855404117 0.9855370294 1.9710774411
7.0768079734 0.9375894814 0.9375849469 1.8751744283
7.1018602722 0.8769956579 0.8769901847 1.7539858426
7.1269125710 0.8065598075 0.8065536411 1.6131134485
7.1519648698 0.7293659990 0.7293593986 1.4587253976
7.1770171686 0.6485655624 0.6485587829 1.2971243453
7.2020694675 0.5671771341 0.5671704102 1.1343475443
7.2271217663 0.4879211572 0.4879146910 0.9758358483
7.2521740651 0.4131018674 0.4130958194 0.8261976868
7.2772263639 0.3445433159 0.3445378011 0.6890811170
7.3022786627 0.2835794418 0.2835745292 0.5671539709
7.3273309615 0.2310924389 0.2310881546 0.4621805935
7.3523832604 0.1875892732 0.1875856060 0.3751748792
7.3774355592 0.1533034603 0.1533003690 0.3066038294
7.4024878580 0.1283080993 0.1283055200 0.2566136193
7.4275401568 0.1126264384 0.1126242922 0.2252507306
7.4525924556 0.1063275782 0.1063257777 0.2126533559
7.4776447545 0.1095969385 0.1095953937 0.2191923322
7.5026970533 0.1227735695 0.1227721923 0.2455457619
7.5277493521 0.1463491283 0.1463478362 0.2926969645
7.5528016509 0.1809263476 0.1809250667 0.3618514143
7.5778539497 0.2271381463 0.2271368132 0.4542749595
7.6029062485 0.2855321828 0.2855307470 0.5710629298
7.6279585474 0.3564295753 0.3564280008 0.7128575761
7.6530108462 0.4397704420 0.4397687090 0.8795391511
7.6780631450 0.5349624134 0.5349605192 1.0699229326
7.7031154438 0.6407507324 0.6407486925 1.2814994249
7.7281677426 0.7551293231 0.7551271708 1.5102564939
7.7532200414 0.8753106819 0.8753084676 1.7506191496
7.7782723403 0.9977683018 0.9977660904 1.9955343922
7.8033246391 1.1183586198 1.1183564872 2.2367151070
7.8283769379 1.2325207208 1.2325187492 2.4650394700
7.8534292367 1.3355422285 1.3355405011 2.6710827296
7.8784815355 1.4228703306 1.4228689252 2.8457392558
7.9035338344 1.4904392213 1.4904382040 2.9808774253
7.9285861332 1.5349807845 1.5349802052 3.0699609897
7.9536384320 1.5542850653 1.5542849527 3.1085700180
7.9786907308 1.5473813256 1.5473816854 3.0947630109
8.0037430296 1.5146188787 1.5146196927 3.0292385714
8.0287953284 1.4576383222 1.4576395502 2.9152778724
8.0538476273 1.3792366129 1.3792381955 2.7584748085
8.0788999261 1.2831417505 1.2831436144 2.5662853649
8.1039522249 1.1737228599 1.1737249232 2.3474477832
8.1290045237 1.0556677907 1.0556699691 2.1113377598
8.1540568225 0.9336622420 0.9336644546 1.8673266966
8.1791091213 0.8121018688 0.8121040427 1.6242059115
8.2041614202 0.6948625219 0.6948645964 1.3897271183
8.2292137190 0.5851449379 0.5851468666 1.1702918044
8.2542660178 0.4854002837 0.4854020359 0.9708023195
8.2793183166 0.3973334384 0.3973349988 0.7946684372
8.3043706154 0.3219729231 0.3219742907 0.6439472138
8.3294229143 0.2597907447 0.2597919310 0.5195826758
8.3544752131 0.2108523781 0.2108534049 0.4217057830
8.3795275119 0.1749765340 0.1749774308 0.3499539649
8.4045798107 0.1518858161 0.1518866180 0.3037724341
8.4296321095 0.1413322741 0.1413330197 0.2826652937
8.4546844083 0.1431856532 0.1431863825 0.2863720358
8.4797367072 0.1574763712 0.1574771238 0.3149534950
8.5047890060 0.1843896567 0.1843904703 0.3687801270
8.5298413048 0.2242117314 0.2242126404 0.4484243718
8.5548936036 0.2772333657 0.2772343996 0.5544677653
8.5799459024 0.3436205257 0.3436217075 0.6872422332
8.6049982012 0.4232659807 0.4232673261 0.8465333068
8.6300505001 0.5156393054 0.5156408221 1.0312801275
8.6551027989 0.6196551759 0.6196568632 1.2393120390
8.6801550977 0.7335805964 0.7335824463 1.4671630427
8.7052073965 0.8550001285 0.8550021276 1.7100022561
8.7302596953 0.9808539121 0.9808560439 1.9617099560
8.7553119942 1.1075562462 1.1075584960 2.2151147422
8.7803642930 1.2311931744 1.2311955334 2.4623887079
8.8054165918 1.3477868408 1.3477893119 2.6955761527
8.8304688906 1.4536037572 1.4536063593 2.9072101165
8.8555211894 1.5454751827 1.5454779551 3.0909531379
8.8805734882 1.6210922169 1.6210952204 3.2421874373
8.9056257871 1.6792372432 1.6792405591 3.3584778023
8.9306780859 1.7199177643 1.7199214900 3.4398392544
8.9557303847 1.7443783306 1.7443825712 3.4887609018
8.9807826835 1.7549802295 1.7549850860 3.5099653155
9.0058349823 1.7549551355 1.7549606907 3.5099158262
9.0308872811 1.7480557386 1.7480620410 3.4961177796
9.0559395800 1.7381410082 1.7381480568 3.4762890650
9.0809918788 1.7287439505 1.7287516818 3.4574956323
9.1060441776 1.7226737980 1.7226820768 3.4453558748
9.1310964764 1.7217017139 1.7217103310 3.4434120449
9.1561487752 1.7263695067 1.7263781832 3.4527476900
9.1812010741 1.7359457265 1.7359541264 3.4718998529
9.2062533729 1.7485348976 1.7485426471 3.4970775446
9.2313056717 1.7613260963 1.7613328091 3.5226589054
9.2563579705 1.7709493306 1.7709546366 3.5419039672
9.2814102693 1.7738946860 1.7738982606 3.5477929466
9.3064625681 1.7669418157 1.7669434065 3.5338852222
9.3315148670 1.7475470251 1.7475464734 3.4950934985
9.3565671658 1.7141418626 1.7141391171 3.4282809796
9.3816194646 1.6663096983 1.6663048195 3.3326145179
9.4066717634 1.6048233621 1.6048165175 3.2096398796
9.4317240622 1.5315450876 1.5315365381 3.0630816257
9.4567763610 1.4492072289 1.4491973084 2.8984045373
9.4818286599 1.3611061492 1.3610952392 2.7222013884
9.5068809587 1.2707506147 1.2707391178 2.5414897324
9.5319332575 1.1815090388 1.1814973526 2.3630063914
9.5569855563 1.0962969948 1.0962854889 2.1925824837
9.5820378551 1.0173383757 1.0173273738 2.0346657495
9.6070901540 0.9460219022 0.9460116697 1.8920335720
9.6321424528 0.8828612223 0.8828519597 1.7657131820
9.6571947516 0.8275535465 0.8275453883 1.6550989347
9.6822470504 0.7791203610 0.7791133790 1.5582337400
9.7072993492 0.7361055526 0.7360997625 1.4722053150
9.7323516480 0.6968020098 0.6967973797 1.3935993895
9.7574039469 0.6594775696 0.6594740299 1.3189515995
9.7824562457 0.6225746291 0.6225720820 1.2451467111
9.8075085445 0.5848639822 0.5848623108 1.1697262929
9.8325608433 0.5455413436 0.5455404206 1.0910817642
9.8576131421 0.5042633644 0.5042630589 1.0085264233
9.8826654409 0.4611275969 0.4611277806 0.9222553775
9.9077177398 0.4166069407 0.4166074927 0.8332144334
9.9327700386 0.3714530150 0.3714538252 0.7429068402
9.9578223374 0.3265844605 0.3265854324 0.6531698930
9.9828746362 0.2829755240 0.2829765761 0.5659521001
10.0079269350 0.2415578385 0.2415589051 0.4831167436
10.0329792339 0.2031447014 0.2031457320 0.4062904334
10.0580315327 0.1683830266 0.1683839853 0.3367670120
10.0830838315 0.1377341400 0.1377350039 0.2754691439
10.1081361303 0.1114811660 0.1114819232 0.2229630893
10.1331884291 0.0897582290 0.0897588767 0.1795171057
10.1582407279 0.0725951508 0.0725956930 0.1451908438
10.1832930268 0.0599706965 0.0599711423 0.1199418388
10.2083453256 0.0518675128 0.0518678745 0.1037353873
10.2333976244 0.0483224704 0.0483227617 0.0966452321
10.2584499232 0.0494669429 0.0494671782 0.0989341212
10.2835022220 0.0555524755 0.0555526688 0.1111051444
10.3085545208 0.0669582472 0.0669584116 0.1339166587
10.3336068197 0.0841777615 0.0841779087 0.1683556702
10.3586591185 0.1077834086 0.1077835488 0.2155669574
10.3837114173 0.1383690548 0.1383691965 0.2767382513
10.4087637161 0.1764727253 0.1764728753 0.3529456007
10.4338160149 0.2224837377 0.2224839008 0.4449676385
10.4588683138 0.2765411689 0.2765413482 0.5530825171
10.4839206126 0.3384330073 0.3384332037 0.6768662110
10.5089729114 0.4075073136 0.4075075261 0.8150148397
10.5340252102 0.4826077254 0.4826079510 0.9652156763
10.5590775090 0.5620452210 0.5620454549 1.1240906759
10.5841298078 0.6436159191 0.6436161547 1.2872320738
10.6091821067 0.7246707661 0.7246709955 1.4493417616
10.6342344055 0.8022375249 0.8022377396 1.6044752644
10.6592867043 0.8731891060 0.8731892970 1.7463784030
10.6843390031 0.9344458413 0.9344460003 1.8688918416
10.7093913019 0.9831937911 0.9831939105 1.9663877016
10.7344436007 1.0170975592 1.0170976334 2.0341951926
10.7594958996 1.0344851234 1.0344851485 2.0689702719
10.7845481984 1.0344842124 1.0344841873 2.0689683997
10.8096004972 1.0170946675 1.0170945934 2.0341892609
10.8346527960 0.9831883772 0.9831882578 1.9663766351
10.8597050948 0.9344367716 0.9344366128 1.8688733844
10.8847573937 0.8731742487 0.8731740578 1.7463483065
10.9098096925 0.8022130578 0.8022128435 1.6044259012
10.9348619913 0.7246300503 0.7246298215 1.4492598718
10.9599142901 0.6435477228 0.6435474884 1.2870952112
10.9849665889 0.5619309841 0.5619307521 1.1238617362
11.0100188877 0.4824174443 0.4824172217 0.9648346661
11.0350711866 0.4071934946 0.4071932870 0.8143867816
11.0601234854 0.3379219957 0.3379218070 0.6758438027
11.0851757842 0.2757210317 0.2757208642 0.5514418959
11.1102280830 0.2211877808 0.2211876358 0.4423754166
11.1352803818 0.1744577118 0.1744575889 0.3489153008
11.1603326806 0.1352872967 0.1352871948 0.2705744915
11.1853849795 0.1031482059 0.1031481233 0.2062963292
11.2104372783 0.0773221944 0.0773221286 0.1546443230
11.2354895771 0.0569881490 0.0569880978 0.1139762468
11.2605418759 0.0412955243 0.0412954852 0.0825910095
11.2855941747 0.0294211705 0.0294211412 0.0588423117
11.3106464736 0.0206089957 0.0206089741 0.0412179698
11.3356987724 0.0141937670 0.0141937513 0.0283875182
11.3607510712 0.0096115679 0.0096115566 0.0192231245
11.3858033700 0.0064000118 0.0064000035 0.0128000152
11.4108556688 0.0041913783 0.0041913719 0.0083827502
11.4359079676 0.0027015428 0.0027015370 0.0054030798
11.4609602665 0.0017170516 0.0017170452 0.0034340968
11.4860125653 0.0010821092 0.0010821005 0.0021642097
11.5110648641 0.0006866722 0.0006866589 0.0013733311
11.5361171629 0.0004563647 0.0004563431 0.0009127078
11.5611694617 0.0003445641 0.0003445286 0.0006890927
11.5862217605 0.0003267588 0.0003267010 0.0006534598
11.6112740594 0.0003971329 0.0003970401 0.0007941729
11.6363263582 0.0005672606 0.0005671141 0.0011343747
11.6613786570 0.0008667610 0.0008665337 0.0017332947
11.6864309558 0.0013457388 0.0013453925 0.0026911313
11.7114832546 0.0020787944 0.0020782764 0.0041570707
11.7365355535 0.0031702933 0.0031695325 0.0063398258
11.7615878523 0.0047604375 0.0047593409 0.0095197784
11.7866401511 0.0070314698 0.0070299186 0.0140613884
11.8116924499 0.0102130803 0.0102109270 0.0204240073
11.8367447487 0.0145858071 0.0145828747 0.0291686817
11.8617970475 0.0204809771 0.0204770601 0.0409580373
11.8868493464 0.0282755896 0.0282704588 0.0565460484
11.9119016452 0.0383805767 0.0383739881 0.0767545649
11.9369539440 0.0512211683 0.0512128771 0.1024340454
11.9620062428 0.0672086839 0.0671984631 0.1344071470
11.9870585416 0.0867040038 0.0866916676 0.1733956714
12.0121108405 0.1099741827 0.1099596127 0.2199337954
12.0371631393 0.1371450575 0.1371282311 0.2742732886
12.0622154381 0.1681540833 0.1681350996 0.3362891829
12.0872677369 0.2027087704 0.2026878712 0.4053966416
12.1123200357 0.2402567347 0.2402343178 0.4804910526
12.1373723345 0.2799732841 0.2799499040 0.5599231881
12.1624246334 0.3207714769 0.3207478319 0.6415193088
12.1874769322 0.3613376979 0.3613146023 0.7226523003
12.2125292310 0.4001931155 0.4001714566 0.8003645721
12.2375815298 0.4357782204 0.4357589046 0.8715371251
12.2626338286 0.4665544382 0.4665383288 0.9330927670
12.2876861274 0.4911140432 0.4911018969 0.9822159401
12.3127384263 0.5082877956 0.5082802039 1.0165679995
12.3377907251 0.5172392322 0.5172365735 1.0344758057
12.3628430239 0.5175355645 0.5175379730 1.0350735374
12.3878953227 0.5091876129 0.5091949672 1.0183825801
12.4129476215 0.4926548196 0.4926667529 0.9853215725
12.4379999204 0.4688156221 0.4688315530 0.9376471751
12.4630522192 0.4389077017 0.4389268805 0.8778345822
12.4881045180 0.4044461850 0.4044677527 0.8089139377
12.5131568168 0.3671302498 0.3671533014 0.7342835511
12.5382091156 0.3287493929 0.3287730396 0.6575224326
12.5632614144 0.2910997785 0.2911232026 0.5822229812
12.5883137133 0.2559187334 0.2559412316 0.5118599651
12.6133660121 0.2248419809 0.2248629932 0.4497049741
12.6384183109 0.1993841189 0.1994032424 0.3987873613
12.6634706097 0.1809387549 0.1809557433 0.3618944982
12.6885229085 0.1707911874 0.1708059385 0.3415971259
12.7135752073 0.1701340730 0.1701466083 0.3402806814
12.7386275062 0.1800755136 0.1800859516 0.3601614652
12.7636798050 0.2016296350 0.2016381632 0.4032677982
12.7887321038 0.2356820479 0.2356888962 0.4713709441
12.8137844026 0.2829263984 0.2829318147 0.5658582130
12.8388367014 0.3437731784 0.3437774095 0.6875505879
12.8638890003 0.4182375212 0.4182407979 0.8364783191
12.8889412991 0.5058181408 0.5058206689 1.0116388097
12.9139935979 0.6053840874 0.6053860419 1.2107701293
12.9390458967 0.7150887482 0.7150902721 1.4301790203
12.9640981955 0.8323308337 0.8323320391 1.6646628728
12.9891504943 0.9537794935 0.9537804648 1.9075599583
13.0142027932 1.0754751396 1.0754759378 2.1509510774
13.0392550920 1.1930094220 1.1930100900 2.3860195120
13.0643073908 1.3017779870 1.3017785547 2.6035565417
13.0893596896 1.3972894284 1.3972899182 2.7945793466
13.1144119884 1.4755047235 1.4755051546 2.9510098781
13.1394642872 1.5331748893 1.5331752826 3.0663501719
13.1645165861 1.5681417850 1.5681421659 3.1362839510
13.1895688849 1.5795685503 1.5795689520 3.1591375023
13.2146211837 1.5680720807 1.5680725454 3.1361446261
13.2396734825 1.5357394590 1.5357400386 3.0714794976
13.2647257813 1.4860220994 1.4860228548 2.9720449542
13.2897780802 1.4235138863 1.4235148851 2.8470287714
13.3148303790 1.3536311530 1.3536324663 2.7072636193
13.3398826778 1.2822215555 1.2822232527 2.5644448082
13.3649349766 1.2151348469 1.2151369904 2.4302718374
13.3899872754 1.1577909179 1.1577935558 2.3155844737
13.4150395742 1.1147794471 1.1147826069 2.2295620540
13.4400918731 1.0895217143 1.0895253957 2.1790471100
13.4651441719 1.0840193352 1.0840235048 2.1680428400
13.4901964707 1.0987076642 1.0987122519 2.1974199161
13.5152487695 1.1324239479 1.1324288455 2.2648527934
13.5403010683 1.1824923908 1.1824974542 2.3649898450
13.5653533671 1.2449203287 1.2449253831 2.4898457118
13.5904056660 1.3146918645 1.3146967133 2.6293885778
13.6154579648 1.3861378945 1.3861423307 2.7722802252
13.6405102636 1.4533549060 1.4533587265 2.9067136325
13.6655625624 1.5106399439 1.5106429634 3.0212829073
13.6906148612 1.5529065158 1.5529085816 3.1058150974
13.7156671601 1.5760466647 1.5760476682 3.1520943329
13.7407194589 1.5772084242 1.5772083095 3.1544167337
13.7657717577 1.5549653716 1.5549641404 3.1099295119
13.7908240565 1.5093654043 1.5093631151 3.0187285194
13.8158763553 1.4418580437 1.4418548068 2.8837128505
13.8409286541 1.3551119786 1.3551079470 2.7102199256
13.8659809530 1.2527455310 1.2527408880 2.5054864191
13.8910332518 1.1390007525 1.1389956977 2.2779964503
13.9160855506 1.0183958988 1.0183906338 2.0367865327
13.9411378494 0.8953906724 0.8953853877 1.7907760601
13.9661901482 0.7740941572 0.7740890214 1.5481831786
13.9912424470 0.6580377109 0.6580328625 1.3160705735
14.0162947459 0.5500255584 0.5500211017 1.1000466601
14.0413470447 0.4520659423 0.4520619458 0.9041278881
14.0663993435 0.3653768120 0.3653733100 0.7307501219
14.0914516423 0.2904532252 0.2904502217 0.5809034469
14.1165039411 0.2271794887 0.2271769626 0.4543564513
14.1415562400 0.1749676630 0.1749655734 0.3499332363
14.1666085388 0.1329050749 0.1329033671 0.2658084421
14.1916608376 0.0998962858 0.0998948961 0.1997911819
14.2167131364 0.0747887688 0.0747876285 0.1495763973
14.2417654352 0.0564756202 0.0564746585 0.1129502787
14.2668177340 0.0439723236 0.0439714692 0.0879437929
14.2918700329 0.0364675171 0.0364666988 0.0729342159
14.3169223317 0.0333496889 0.0333488355 0.0666985244
14.3419746305 0.0342127986 0.0342118382 0.0684246368
14.3670269293 0.0388441704 0.0388430289 0.0776871993
14.3920792281 0.0471979265 0.0471965252 0.0943944517
14.4171315269 0.0593570243 0.0593552763 0.1187123005
14.4421838258 0.0754868856 0.0754846898 0.1509715754
14.4672361246 0.0957838325 0.0957810635 0.1915648961
14.4922884234 0.1204221033 0.1204185950 0.2408406983
14.5173407222 0.1495040274 0.1494995477 0.2990035751
14.5423930210 0.1830187692 0.1830129806 0.3660317497
14.5674453199 0.2208155995 0.2208080028 0.4416236024
14.5924976187 0.2625975958 0.2625874514 0.5251850472
14.6175499175 0.3079406930 0.3079269161 0.6158676092
14.6426022163 0.3563409319 0.3563219594 0.7126628913
14.6676545151 0.4072895540 0.4072631828 0.8145527368
14.6927068139 0.4603714920 0.4603346949 0.9207061869
14.7177591128 0.5153782350 0.5153269639 1.0307051989
14.7428114116 0.5724216564 0.5723506521 1.1447723085
14.7678637104 0.6320319415 0.6319345781 1.2639665196
14.7929160092 0.6952210294 0.6950892277 1.3903102571
14.8179683080 0.7634936336 0.7633178872 1.5268115208
14.8430206068 0.8387913378 0.8385608964 1.6773522343
14.8680729057 0.9233614880 0.9230647409 1.8464262289
14.8931252045 1.0195512106 1.0191763018 2.0387275124
14.9181775033 1.1295370185 1.1290727063 2.2586097248
14.9432298021 1.2550108863 1.2544476292 2.5094585155
14.9682821009 1.3968529245 1.3961841420 2.7930370665
14.9933343998 1.5548273611 1.5540507764 3.1088781375
15.0183866986 1.7273411328 1.7264600670 3.4538011998
15.0434389974 1.9113021208 1.9103265818 3.8216287026
15.0684912962 2.1021066530 2.1010540476 4.2031607006
15.0935435950 2.2937737843 2.2926690949 4.5864428793
15.1185958938 2.4792282518 2.4781035513 4.9573318032
15.1436481927 2.6507166934 2.6496099366 5.3003266300
15.1687004915 2.8003249640 2.7992780719 5.5996030359
15.1937527903 2.9205505103 2.9196068543 5.8401573646
15.2188050891 3.0048748545 3.0040763372 6.0089511917
15.2438573879 3.0482787760 3.0476627747 6.0959415507
15.2689096867 3.0476473558 3.0472438365 6.0948911922
15.2939619856 3.0020232678 3.0018523779 6.0038756456
15.3190142844 2.9126831526 2.9127535623 5.8254367149
15.3440665832 2.7830314184 2.7833395998 5.5663710182
15.3691188820 2.6183257317 2.6188562592 5.2371819909
15.3941711808 2.4252661196 2.4259929560 4.8512590756
15.4192234797 2.2114927259 2.2123813448 4.4238740707
15.4442757785 1.9850443063 1.9860544107 3.9710987170
15.4693280773 1.7538299404 1.7549184793 3.5087484197
15.4943803761 1.5251605973 1.5262847686 3.0514453659
15.5194326749 1.3053764076 1.3064963607 2.6118727682
15.5444849737 1.0995916528 1.1006726641 2.2002643169
15.5695372726 0.9115647073 0.9125786849 1.8241433921
15.5945895714 0.7436864831 0.7446127479 1.4882992310
15.6196418702 0.5970699381 0.5978953135 1.1949652515
15.6446941690 0.4717159104 0.4724342235 0.9441501339
15.6697464678 0.3667272775 0.3673384185 0.7340656960
15.6947987666 0.2805439056 0.2810526137 0.5615965193
15.7198510655 0.2111743162 0.2115888560 0.4227631723
15.7449033643 0.1564054168 0.1567362862 0.3131417029
15.7699556631 0.1139779423 0.1142367187 0.2282146609
15.7950079619 0.0817214668 0.0819198595 0.1636413262
15.8200602607 0.0576482212 0.0577973603 0.1154455815
15.8451125596 0.0400090569 0.0401190169 0.0801280738
15.8701648584 0.0273175496 0.0273970837 0.0547146333
15.8952171572 0.0183495216 0.0184059672 0.0367554888
15.9202694560 0.0121254003 0.0121647137 0.0242901139
15.9453217548 0.0078821507 0.0079090257 0.0157911764
15.9703740536 0.0050403409 0.0050583758 0.0100987167
15.9954263525 0.0031705245 0.0031824063 0.0063529308
16.0204786513 0.0019617700 0.0019694561 0.0039312261
16.0455309501 0.0011939906 0.0011988729 0.0023928635
16.0705832489 0.0007147924 0.0007178380 0.0014326304
16.0956355477 0.0004208970 0.0004227629 0.0008436599
16.1206878465 0.0002437697 0.0002448924 0.0004886621
16.1457401454 0.0001388618 0.0001395254 0.0002783872
16.1707924442 0.0000777995 0.0000781847 0.0001559842
16.1958447430 0.0000428700 0.0000430897 0.0000859597
16.2208970418 0.0000232330 0.0000233561 0.0000465891
16.2459493406 0.0000123830 0.0000124508 0.0000248337
16.2710016395 0.0000064909 0.0000065276 0.0000130185
16.2960539383 0.0000033461 0.0000033656 0.0000067117
16.3211062371 0.0000016964 0.0000017065 0.0000034029
16.3461585359 0.0000008458 0.0000008510 0.0000016967
16.3712108347 0.0000004147 0.0000004173 0.0000008320
16.3962631335 0.0000001999 0.0000002012 0.0000004012
16.4213154324 0.0000000948 0.0000000954 0.0000001902
16.4463677312 0.0000000442 0.0000000445 0.0000000887
16.4714200300 0.0000000203 0.0000000204 0.0000000407
16.4964723288 0.0000000091 0.0000000092 0.0000000183
16.5215246276 0.0000000041 0.0000000041 0.0000000081
16.5465769264 0.0000000018 0.0000000018 0.0000000035
16.5716292253 0.0000000008 0.0000000008 0.0000000015
16.5966815241 0.0000000003 0.0000000003 0.0000000006
16.6217338229 0.0000000001 0.0000000001 0.0000000003
16.6467861217 0.0000000001 0.0000000001 0.0000000001
16.6718384205 0.0000000000 0.0000000000 0.0000000000
